52 177
53 176
54 175
54 176
55 175
56 174
56 175
57 173
57 174
58 173
58 176
59 172
59 173
59 175
59 176
60 171
60 172
60 174
60 175
61 171
61 174
62 170
62 171
62 173
62 174
63 169
63 170
63 172
63 173
64 169
64 172
65 168
65 169
65 171
66 168
66 170
66 171
66 173
66 174
67 167
67 169
67 170
67 173
68 169
68 172
68 173
69 159
69 168
69 169
69 171
69 172
70 159
70 167
70 168
70 170
70 171
70 175
71 158
71 159
71 167
71 170
71 174
71 175
71 203
72 158
72 166
72 167
72 169
72 170
72 173
72 174
72 201
72 202
72 203
73 157
73 158
73 168
73 169
73 172
73 173
73 200
73 201
74 156
74 157
74 167
74 168
74 171
74 172
74 199
74 200
75 156
75 167
75 170
75 171
75 198
75 199
76 155
76 156
76 158
76 166
76 167
76 169
76 170
76 170
76 171
76 196
76 197
77 155
77 157
77 158
77 163
77 165
77 166
77 168
77 169
77 169
77 170
77 195
77 196
78 154
78 155
78 156
78 157
78 157
78 162
78 163
78 165
78 168
78 168
78 169
78 189
78 190
78 194
78 195
79 123
79 154
79 156
79 156
79 157
79 162
79 167
79 167
79 168
79 168
79 188
79 189
79 192
79 193
80 123
80 151
80 153
80 154
80 155
80 156
80 156
80 161
80 162
80 166
80 167
80 167
80 187
80 188
80 191
80 192
81 123
81 150
81 151
81 153
81 155
81 155
81 156
81 160
81 161
81 165
81 166
81 166
81 167
81 186
81 187
81 190
81 191
82 123
82 150
82 154
82 155
82 155
82 159
82 160
82 164
82 165
82 166
82 178
82 179
82 184
82 185
82 186
82 188
82 189
82 190
83 123
83 149
83 150
83 154
83 154
83 155
83 156
83 159
83 164
83 177
83 178
83 183
83 184
84 118
84 123
84 149
84 153
84 153
84 154
84 154
84 155
84 156
84 158
84 159
84 163
84 164
84 176
84 177
84 182
84 183
85 118
85 123
85 148
85 149
85 152
85 153
85 153
85 155
85 155
85 156
85 157
85 158
85 162
85 163
85 175
85 176
85 181
85 182
86 118
86 123
86 144
86 148
86 152
86 152
86 153
86 154
86 155
86 155
86 157
86 162
86 174
86 175
86 180
86 181
86 182
87 118
87 119
87 123
87 124
87 137
87 138
87 144
87 147
87 148
87 152
87 154
87 154
87 155
87 156
87 157
87 172
87 172
87 173
87 173
87 178
87 179
87 181
87 182
87 182
87 183
88 119
88 124
88 137
88 143
88 144
88 147
88 151
88 152
88 153
88 154
88 154
88 157
88 171
88 171
88 172
88 172
88 177
88 178
88 179
88 180
88 180
88 181
88 181
88 182
88 182
89 94
89 95
89 119
89 124
89 137
89 143
89 147
89 152
89 153
89 153
89 154
89 156
89 157
89 170
89 170
89 171
89 171
89 178
89 178
89 179
89 179
89 179
89 180
89 180
89 180
89 181
89 184
89 185
89 224
89 225
89 226
90 95
90 96
90 119
90 137
90 143
90 146
90 152
90 152
90 153
90 155
90 156
90 169
90 169
90 170
90 170
90 177
90 177
90 178
90 178
90 178
90 178
90 179
90 179
90 180
90 183
90 184
90 192
90 222
90 223
90 224
91 79
91 80
91 96
91 97
91 119
91 120
91 127
91 137
91 139
91 140
91 142
91 143
91 151
91 152
91 152
91 154
91 155
91 163
91 164
91 168
91 168
91 169
91 169
91 175
91 176
91 176
91 177
91 177
91 177
91 177
91 178
91 178
91 179
91 180
91 182
91 183
91 190
91 191
91 192
91 201
91 202
91 209
91 210
91 211
91 219
91 220
91 221
91 222
92 80
92 81
92 82
92 97
92 120
92 127
92 136
92 137
92 139
92 142
92 150
92 151
92 151
92 152
92 154
92 154
92 162
92 163
92 166
92 167
92 167
92 168
92 168
92 174
92 175
92 175
92 175
92 176
92 176
92 176
92 177
92 177
92 177
92 178
92 179
92 180
92 181
92 188
92 189
92 190
92 199
92 200
92 201
92 207
92 208
92 209
92 217
92 218
92 219
93 82
93 83
93 97
93 98
93 120
93 127
93 136
93 139
93 141
93 142
93 149
93 150
93 151
93 152
93 153
93 153
93 154
93 154
93 161
93 162
93 165
93 165
93 166
93 166
93 167
93 173
93 173
93 174
93 174
93 174
93 174
93 175
93 175
93 176
93 176
93 177
93 177
93 178
93 179
93 180
93 187
93 188
93 197
93 198
93 199
93 205
93 206
93 207
93 214
93 215
93 216
93 217
94 83
94 84
94 98
94 99
94 127
94 136
94 139
94 141
94 148
94 149
94 151
94 152
94 152
94 152
94 153
94 153
94 159
94 160
94 161
94 164
94 164
94 165
94 165
94 171
94 172
94 172
94 173
94 173
94 173
94 173
94 174
94 174
94 174
94 175
94 176
94 176
94 177
94 177
94 178
94 179
94 185
94 186
94 187
94 195
94 196
94 197
94 203
94 204
94 205
94 212
94 213
94 214
95 84
95 85
95 93
95 99
95 100
95 127
95 130
95 136
95 138
95 139
95 145
95 146
95 148
95 151
95 152
95 152
95 158
95 159
95 159
95 160
95 163
95 164
95 164
95 171
95 171
95 172
95 172
95 172
95 173
95 173
95 173
95 174
95 175
95 176
95 176
95 177
95 183
95 184
95 185
95 193
95 194
95 195
95 200
95 201
95 202
95 209
95 210
95 211
95 212
96 86
96 87
96 93
96 94
96 100
96 101
96 127
96 130
96 131
96 138
96 145
96 147
96 148
96 150
96 151
96 151
96 152
96 152
96 157
96 158
96 158
96 159
96 162
96 163
96 170
96 171
96 171
96 171
96 172
96 172
96 172
96 173
96 173
96 174
96 174
96 175
96 175
96 176
96 182
96 183
96 191
96 192
96 193
96 198
96 199
96 200
96 207
96 208
96 209
97 78
97 87
97 88
97 94
97 95
97 101
97 127
97 128
97 130
97 130
97 131
97 138
97 144
97 145
97 145
97 146
97 147
97 148
97 149
97 150
97 150
97 151
97 154
97 155
97 156
97 157
97 157
97 158
97 161
97 162
97 170
97 170
97 171
97 171
97 172
97 172
97 173
97 174
97 174
97 180
97 181
97 182
97 189
97 190
97 191
97 196
97 197
97 198
97 207
98 78
98 79
98 80
98 88
98 89
98 95
98 96
98 127
98 128
98 130
98 130
98 130
98 131
98 137
98 138
98 143
98 144
98 144
98 145
98 146
98 147
98 148
98 148
98 149
98 150
98 154
98 155
98 156
98 157
98 161
98 168
98 169
98 169
98 170
98 170
98 170
98 171
98 172
98 173
98 174
98 179
98 180
98 182
98 183
98 187
98 188
98 189
98 195
98 196
99 80
99 81
99 96
99 97
99 128
99 130
99 130
99 130
99 140
99 143
99 144
99 145
99 146
99 147
99 148
99 149
99 150
99 153
99 154
99 154
99 155
99 161
99 167
99 168
99 169
99 170
99 171
99 172
99 173
99 180
99 181
99 182
100 81
100 82
100 83
100 97
100 98
100 116
100 117
100 128
100 128
100 130
100 130
100 130
100 139
100 140
100 142
100 143
100 143
100 144
100 146
100 147
100 147
100 148
100 149
100 150
100 152
100 153
100 153
100 154
100 160
100 161
100 164
100 166
100 167
100 168
100 169
100 170
100 171
100 179
100 180
101 83
101 84
101 85
101 98
101 99
101 117
101 128
101 128
101 130
101 130
101 130
101 139
101 142
101 143
101 145
101 146
101 148
101 148
101 149
101 151
101 152
101 153
101 158
101 159
101 160
101 163
101 164
101 164
101 165
101 166
101 168
101 169
101 170
101 177
101 178
101 179
102 85
102 86
102 99
102 100
102 117
102 118
102 128
102 128
102 129
102 130
102 130
102 130
102 139
102 142
102 143
102 145
102 147
102 148
102 148
102 150
102 150
102 151
102 151
102 152
102 152
102 157
102 158
102 161
102 162
102 163
102 163
102 164
102 167
102 168
102 175
102 176
102 177
103 86
103 87
103 88
103 91
103 92
103 118
103 128
103 128
103 129
103 138
103 139
103 142
103 144
103 145
103 146
103 147
103 147
103 148
103 149
103 150
103 150
103 150
103 151
103 151
103 151
103 152
103 156
103 157
103 160
103 161
103 165
103 166
103 167
103 173
103 174
103 175
104 92
104 93
104 94
104 118
104 128
104 138
104 143
104 146
104 146
104 147
104 148
104 149
104 149
104 149
104 150
104 150
104 150
104 150
104 151
104 151
104 153
104 155
104 156
104 159
104 160
104 163
104 164
104 165
104 172
104 173
105 76
105 77
105 78
105 94
105 95
105 118
105 119
105 128
105 138
105 142
105 143
105 145
105 145
105 146
105 146
105 147
105 148
105 148
105 148
105 149
105 149
105 149
105 149
105 150
105 150
105 152
105 153
105 154
105 155
105 158
105 159
105 162
105 163
105 163
105 164
105 165
105 169
105 170
106 78
106 79
106 80
106 95
106 96
106 122
106 138
106 142
106 144
106 145
106 146
106 147
106 147
106 147
106 148
106 148
106 148
106 148
106 149
106 149
106 149
106 151
106 152
106 153
106 157
106 158
106 160
106 161
106 161
106 161
106 162
106 162
106 162
106 162
106 162
106 163
106 163
106 164
106 167
106 168
106 169
106 171
107 80
107 81
107 82
107 96
107 97
107 98
107 122
107 138
107 141
107 142
107 144
107 146
107 146
107 147
107 147
107 148
107 148
107 148
107 149
107 149
107 150
107 151
107 152
107 153
107 159
107 159
107 160
107 160
107 160
107 160
107 161
107 161
107 161
107 161
107 162
107 162
107 165
107 166
107 167
107 169
107 170
107 171
107 172
107 173
107 204
107 205
107 206
107 207
107 208
108 82
108 83
108 84
108 92
108 93
108 98
108 101
108 102
108 122
108 123
108 129
108 137
108 138
108 139
108 140
108 141
108 146
108 146
108 147
108 147
108 148
108 148
108 148
108 149
108 150
108 150
108 151
108 151
108 152
108 156
108 157
108 157
108 158
108 158
108 158
108 159
108 159
108 159
108 159
108 159
108 160
108 160
108 160
108 161
108 162
108 163
108 164
108 165
108 167
108 168
108 169
108 170
108 171
108 172
108 173
108 174
108 193
108 201
108 202
108 203
108 204
109 84
109 85
109 86
109 93
109 94
109 95
109 102
109 103
109 104
109 120
109 121
109 123
109 129
109 137
109 138
109 143
109 145
109 146
109 146
109 147
109 149
109 149
109 150
109 150
109 155
109 156
109 156
109 156
109 157
109 157
109 157
109 157
109 157
109 158
109 158
109 158
109 158
109 158
109 158
109 159
109 159
109 159
109 160
109 161
109 162
109 162
109 163
109 165
109 165
109 166
109 166
109 167
109 167
109 168
109 169
109 170
109 171
109 172
109 173
109 181
109 182
109 183
109 184
109 189
109 190
109 191
109 192
109 193
109 197
109 198
109 199
109 200
109 201
110 77
110 78
110 79
110 95
110 96
110 97
110 104
110 105
110 105
110 121
110 123
110 129
110 136
110 137
110 137
110 138
110 142
110 143
110 144
110 145
110 145
110 146
110 146
110 148
110 148
110 149
110 149
110 154
110 154
110 155
110 155
110 155
110 155
110 156
110 156
110 156
110 156
110 156
110 157
110 157
110 157
110 157
110 158
110 158
110 159
110 160
110 161
110 162
110 163
110 163
110 164
110 164
110 165
110 165
110 166
110 167
110 168
110 169
110 170
110 171
110 178
110 179
110 180
110 181
110 186
110 187
110 188
110 189
110 193
110 194
110 195
110 196
110 197
111 80
111 81
111 82
111 97
111 98
111 99
111 105
111 105
111 106
111 106
111 121
111 123
111 129
111 137
111 141
111 142
111 143
111 144
111 145
111 145
111 146
111 147
111 148
111 152
111 153
111 153
111 153
111 154
111 154
111 154
111 154
111 154
111 155
111 155
111 155
111 156
111 156
111 157
111 158
111 161
111 162
111 163
111 163
111 164
111 165
111 166
111 167
111 168
111 169
111 175
111 176
111 177
111 178
111 183
111 184
111 185
111 186
111 192
111 193
112 82
112 83
112 84
112 85
112 96
112 99
112 106
112 106
112 107
112 108
112 121
112 122
112 129
112 132
112 137
112 141
112 143
112 144
112 145
112 146
112 147
112 151
112 151
112 152
112 152
112 152
112 152
112 153
112 153
112 153
112 153
112 154
112 154
112 155
112 156
112 159
112 160
112 161
112 165
112 166
112 166
112 167
112 173
112 174
112 175
112 180
112 181
112 182
112 183
113 85
113 86
113 87
113 87
113 88
113 89
113 90
113 96
113 97
113 98
113 108
113 109
113 132
113 134
113 140
113 141
113 142
113 143
113 143
113 143
113 144
113 144
113 150
113 151
113 151
113 152
113 153
113 154
113 157
113 158
113 161
113 162
113 164
113 165
113 166
113 174
113 175
113 176
113 177
114 81
114 82
114 90
114 91
114 92
114 98
114 99
114 100
114 109
114 110
114 132
114 133
114 134
114 141
114 142
114 142
114 142
114 143
114 143
114 150
114 151
114 152
114 153
114 155
114 156
114 159
114 160
114 161
114 161
114 161
114 162
114 162
114 163
114 163
114 164
114 169
114 170
114 171
114 171
114 172
114 172
114 173
114 174
115 72
115 73
115 74
115 75
115 76
115 82
115 83
115 84
115 85
115 92
115 93
115 94
115 95
115 100
115 101
115 102
115 116
115 132
115 133
115 140
115 141
115 141
115 142
115 150
115 151
115 153
115 154
115 155
115 155
115 156
115 157
115 158
115 158
115 159
115 159
115 159
115 159
115 160
115 160
115 160
115 160
115 161
115 161
115 162
115 166
115 167
115 168
115 168
115 169
115 169
115 170
115 171
116 66
116 67
116 68
116 76
116 77
116 78
116 79
116 80
116 85
116 86
116 87
116 88
116 89
116 95
116 102
116 107
116 108
116 116
116 117
116 126
116 133
116 140
116 141
116 148
116 149
116 149
116 150
116 152
116 152
116 153
116 153
116 153
116 154
116 154
116 155
116 155
116 156
116 156
116 156
116 157
116 157
116 157
116 157
116 158
116 158
116 158
116 159
116 159
116 160
116 163
116 164
116 165
116 166
116 167
116 168
116 200
116 201
116 202
116 203
116 204
116 205
116 206
117 68
117 69
117 70
117 71
117 72
117 73
117 80
117 81
117 82
117 83
117 89
117 90
117 92
117 108
117 109
117 110
117 117
117 118
117 126
117 135
117 136
117 137
117 144
117 146
117 147
117 148
117 148
117 149
117 150
117 151
117 151
117 152
117 152
117 153
117 154
117 155
117 155
117 156
117 156
117 157
117 163
117 171
117 172
117 191
117 194
117 195
117 196
117 197
117 198
117 199
117 200
118 73
118 74
118 75
118 76
118 77
118 78
118 92
118 93
118 94
118 95
118 110
118 111
118 118
118 126
118 135
118 136
118 136
118 137
118 142
118 143
118 144
118 145
118 146
118 146
118 147
118 148
118 149
118 149
118 150
118 151
118 157
118 158
118 159
118 160
118 167
118 168
118 169
118 170
118 171
118 177
118 178
118 179
118 180
118 181
118 182
118 185
118 186
118 187
118 188
118 189
118 190
118 191
118 191
118 192
118 193
118 194
119 95
119 96
119 96
119 97
119 97
119 98
119 99
119 105
119 106
119 115
119 134
119 134
119 135
119 135
119 135
119 136
119 136
119 138
119 141
119 142
119 142
119 143
119 144
119 145
119 146
119 147
119 148
119 149
119 149
119 154
119 155
119 156
119 157
119 163
119 164
119 165
119 166
119 167
119 172
119 173
119 174
119 175
119 176
119 177
119 178
119 179
119 179
119 180
119 180
119 181
119 182
119 183
119 184
119 185
120 97
120 98
120 99
120 99
120 100
120 101
120 106
120 107
120 108
120 109
120 115
120 116
120 133
120 134
120 134
120 135
120 137
120 138
120 140
120 141
120 142
120 145
120 146
120 146
120 147
120 147
120 148
120 149
120 153
120 154
120 171
120 172
120 172
120 173
120 174
120 175
120 176
120 177
120 178
120 179
121 81
121 82
121 83
121 84
121 101
121 102
121 109
121 116
121 117
121 133
121 136
121 137
121 140
121 145
121 145
121 146
121 146
121 168
121 169
121 170
121 170
121 171
121 172
122 84
122 85
122 86
122 87
122 88
122 89
122 90
122 133
122 138
122 139
122 142
122 143
122 144
122 145
122 162
122 163
122 164
122 165
122 166
122 167
122 168
122 168
123 108
123 132
123 133
123 137
123 138
123 160
123 161
123 162
123 162
123 163
123 164
123 165
123 166
123 167
123 168
124 99
124 100
124 100
124 101
124 101
124 102
124 102
124 103
124 103
124 104
124 105
124 108
124 109
124 109
124 110
124 110
124 111
124 111
124 112
124 112
124 118
124 119
124 119
124 120
124 130
124 131
124 134
124 135
124 139
124 140
124 141
124 141
124 142
124 143
124 144
124 145
124 145
124 146
124 146
124 147
124 152
124 153
124 154
124 160
125 97
125 98
125 99
125 99
125 100
125 101
125 102
125 103
125 103
125 104
125 105
125 106
125 107
125 108
125 108
125 109
125 109
125 110
125 111
125 112
125 113
125 118
125 119
125 120
125 120
125 121
125 129
125 130
125 131
125 134
125 139
125 139
125 139
125 140
125 140
125 140
125 141
125 141
125 142
125 143
125 143
125 144
125 144
125 144
125 144
125 145
125 145
125 145
125 146
125 146
125 147
125 148
125 149
125 150
125 151
125 152
126 84
126 85
126 85
126 86
126 86
126 87
126 87
126 88
126 88
126 89
126 89
126 90
126 90
126 91
126 91
126 92
126 92
126 93
126 93
126 99
126 100
126 101
126 102
126 103
126 103
126 104
126 105
126 109
126 110
126 111
126 111
126 112
126 116
126 117
126 118
126 118
126 119
126 119
126 120
126 128
126 129
126 130
126 130
126 137
126 138
126 139
126 139
126 140
126 141
126 142
126 142
126 143
126 143
126 144
126 144
126 162
126 163
126 164
126 165
126 166
126 167
126 168
126 169
126 170
127 82
127 83
127 84
127 84
127 85
127 85
127 86
127 86
127 87
127 87
127 88
127 88
127 89
127 89
127 90
127 90
127 91
127 91
127 92
127 93
127 100
127 101
127 102
127 103
127 104
127 105
127 129
127 130
127 130
127 131
127 133
127 134
127 135
127 185
127 186
127 187
127 188
127 189
127 190
127 191
127 192
127 193
127 194
127 195
127 196
127 197
127 198
127 199
128 81
128 82
128 83
128 84
128 85
128 86
128 86
128 87
128 87
128 88
128 88
128 89
128 89
128 90
128 90
128 91
128 92
128 93
128 94
128 95
128 96
128 97
128 97
128 98
128 98
128 99
128 99
128 100
128 100
128 101
128 101
128 102
128 103
128 106
128 107
128 108
128 109
128 109
128 110
128 110
128 111
128 112
128 113
128 116
128 117
128 118
128 118
128 119
128 119
128 120
128 120
128 121
128 129
128 129
128 130
128 132
128 137
128 138
128 139
128 140
128 141
128 142
128 143
128 144
128 147
128 148
128 149
128 150
128 150
128 151
128 151
128 152
128 153
128 154
128 155
128 156
128 158
128 159
128 160
128 161
128 162
128 163
128 164
128 165
128 166
129 76
129 77
129 78
129 80
129 81
129 82
129 96
129 97
129 98
129 99
129 100
129 101
129 127
129 128
129 149
129 150
129 151
129 152
129 153
129 154
130 66
130 67
130 68
130 69
130 70
130 71
130 71
130 72
130 72
130 73
130 73
130 74
130 74
130 75
130 75
130 76
130 76
130 77
130 78
130 79
130 80
130 82
130 83
130 84
130 85
130 86
130 87
130 88
130 89
130 90
130 91
130 94
130 95
130 96
130 104
130 105
130 106
130 107
130 108
130 109
130 113
130 114
130 115
130 116
130 128
130 138
130 139
130 140
130 141
130 144
130 158
130 159
130 160
130 161
131 99
131 100
131 101
131 102
131 117
131 118
131 119
131 143
131 144
131 145
131 146
131 147
131 148
131 161
131 162
131 163
131 164
131 165
131 166
132 95
132 96
132 97
132 98
132 99
132 124
132 129
132 131
132 131
132 132
132 132
132 133
132 140
132 141
132 142
132 143
132 144
132 145
132 146
132 153
132 154
132 155
132 156
132 157
132 158
132 159
133 98
133 99
133 105
133 106
133 123
133 124
133 127
133 129
133 129
133 131
133 131
133 132
133 132
133 133
133 133
133 135
133 136
133 142
133 143
133 145
133 146
133 151
133 152
133 153
133 154
133 155
133 156
133 174
133 175
133 176
133 177
133 178
133 179
133 180
133 181
133 182
134 92
134 93
134 94
134 95
134 96
134 97
134 98
134 101
134 102
134 103
134 104
134 105
134 116
134 117
134 122
134 126
134 127
134 127
134 129
134 130
134 131
134 132
134 133
134 133
134 135
134 136
134 136
134 137
134 137
134 138
134 140
134 146
134 147
134 148
134 149
134 150
134 156
134 157
134 182
134 183
134 184
134 185
135 83
135 84
135 85
135 86
135 91
135 92
135 100
135 101
135 115
135 116
135 121
135 122
135 122
135 126
135 126
135 127
135 129
135 133
135 134
135 138
135 140
135 141
135 142
135 143
135 144
135 150
135 156
135 157
135 158
136 77
136 78
136 79
136 80
136 81
136 82
136 83
136 108
136 120
136 120
136 121
136 121
136 121
136 122
136 122
136 125
136 126
136 129
136 142
136 143
136 143
136 144
136 144
136 144
136 145
136 145
136 145
136 146
136 158
136 159
136 160
136 161
136 165
136 166
136 166
136 167
136 167
136 168
136 168
136 169
136 170
137 76
137 77
137 106
137 107
137 108
137 108
137 109
137 119
137 119
137 120
137 120
137 121
137 124
137 125
137 126
137 129
137 131
137 136
137 137
137 138
137 138
137 139
137 142
137 143
137 144
137 145
137 145
137 146
137 146
137 146
137 147
137 147
137 161
137 162
137 168
137 169
137 170
137 170
137 171
137 171
137 172
137 172
137 173
137 173
137 174
138 104
138 105
138 106
138 106
138 107
138 108
138 118
138 119
138 119
138 120
138 120
138 124
138 127
138 131
138 132
138 136
138 137
138 137
138 138
138 138
138 138
138 139
138 139
138 140
138 141
138 142
138 143
138 144
138 144
138 145
138 146
138 146
138 147
138 147
138 150
138 173
138 174
138 175
139 105
139 106
139 117
139 118
139 119
139 120
139 125
139 126
139 127
139 129
139 132
139 132
139 136
139 137
139 138
139 138
139 139
139 139
139 140
139 140
139 140
139 141
139 141
139 141
139 142
139 144
139 145
139 146
139 150
139 150
139 151
139 151
139 151
139 152
139 152
139 152
139 159
139 160
139 168
139 169
140 81
140 82
140 111
140 112
140 118
140 119
140 119
140 125
140 127
140 127
140 129
140 132
140 133
140 134
140 136
140 137
140 138
140 139
140 140
140 140
140 141
140 141
140 142
140 142
140 143
140 143
140 146
140 152
140 152
140 152
140 153
140 153
140 153
140 154
140 154
140 154
140 160
140 161
140 162
140 168
140 169
140 169
140 170
140 170
140 171
140 171
140 172
140 172
140 173
141 77
141 78
141 79
141 80
141 81
141 109
141 110
141 110
141 110
141 111
141 111
141 111
141 112
141 118
141 119
141 125
141 127
141 129
141 132
141 133
141 134
141 134
141 134
141 135
141 135
141 136
141 138
141 140
141 141
141 142
141 143
141 143
141 144
141 144
141 146
141 147
141 148
141 154
141 154
141 154
141 155
141 155
141 155
141 156
141 162
141 163
141 164
141 165
141 167
141 168
141 168
141 169
141 169
141 170
141 171
141 172
141 173
141 173
141 174
141 174
141 175
141 175
141 176
141 203
141 204
141 205
142 67
142 68
142 69
142 70
142 74
142 75
142 76
142 77
142 108
142 108
142 109
142 109
142 109
142 109
142 110
142 110
142 110
142 111
142 118
142 123
142 125
142 127
142 129
142 132
142 132
142 133
142 134
142 134
142 135
142 135
142 135
142 136
142 137
142 141
142 142
142 144
142 148
142 149
142 154
142 155
142 156
142 156
142 157
142 157
142 165
142 166
142 169
142 170
142 171
142 171
142 172
142 172
142 173
142 174
142 175
142 176
142 176
142 176
142 177
142 177
142 178
142 178
142 205
142 206
142 207
142 208
142 209
142 210
142 211
143 63
143 64
143 65
143 66
143 67
143 70
143 71
143 72
143 73
143 74
143 107
143 107
143 108
143 108
143 108
143 108
143 109
143 109
143 117
143 118
143 118
143 119
143 123
143 126
143 126
143 127
143 132
143 132
143 133
143 134
143 135
143 135
143 135
143 136
143 136
143 137
143 138
143 141
143 142
143 149
143 150
143 154
143 154
143 155
143 155
143 156
143 157
143 157
143 158
143 158
143 159
143 159
143 166
143 167
143 168
143 173
143 174
143 175
143 175
143 176
143 176
143 176
143 177
143 177
143 178
143 178
143 179
143 184
143 185
143 186
143 187
143 191
143 192
143 193
143 194
143 195
143 211
143 212
143 213
143 214
143 215
143 216
144 59
144 60
144 61
144 62
144 63
144 99
144 100
144 106
144 107
144 107
144 108
144 108
144 109
144 117
144 118
144 118
144 119
144 122
144 123
144 123
144 126
144 132
144 132
144 133
144 133
144 134
144 135
144 135
144 136
144 139
144 142
144 142
144 143
144 146
144 147
144 149
144 150
144 155
144 156
144 156
144 157
144 157
144 158
144 159
144 159
144 160
144 160
144 161
144 161
144 168
144 169
144 170
144 171
144 176
144 179
144 180
144 181
144 182
144 183
144 187
144 188
144 189
144 190
144 195
144 196
144 197
144 198
144 199
144 217
144 218
144 219
144 220
144 221
144 222
145 55
145 56
145 57
145 58
145 59
145 97
145 98
145 99
145 105
145 106
145 107
145 107
145 108
145 116
145 117
145 118
145 122
145 123
145 126
145 132
145 133
145 134
145 135
145 135
145 135
145 137
145 139
145 140
145 142
145 143
145 143
145 147
145 148
145 150
145 151
145 157
145 158
145 158
145 159
145 159
145 160
145 161
145 161
145 162
145 162
145 163
145 171
145 172
145 173
145 183
145 184
145 185
145 186
145 190
145 191
145 192
145 193
145 194
145 199
145 200
145 201
145 202
145 203
146 83
146 84
146 85
146 86
146 95
146 96
146 97
146 106
146 107
146 116
146 117
146 118
146 122
146 123
146 123
146 126
146 131
146 132
146 133
146 133
146 134
146 135
146 135
146 135
146 136
146 137
146 138
146 140
146 141
146 143
146 143
146 144
146 144
146 148
146 149
146 151
146 152
146 159
146 160
146 160
146 163
146 164
146 173
146 174
146 175
146 186
146 187
146 188
146 194
146 195
146 196
146 197
146 203
146 204
146 205
146 206
146 207
147 72
147 73
147 74
147 81
147 82
147 83
147 94
147 95
147 105
147 106
147 116
147 117
147 122
147 122
147 123
147 126
147 130
147 131
147 132
147 132
147 133
147 133
147 135
147 135
147 136
147 136
147 138
147 141
147 144
147 145
147 149
147 150
147 152
147 153
147 154
148 70
148 71
148 72
148 79
148 80
148 81
148 117
148 120
148 122
148 122
148 123
148 124
148 130
148 132
148 133
148 133
148 133
148 134
148 135
148 136
148 136
148 138
148 139
148 140
148 141
148 142
148 142
148 143
148 145
148 149
148 150
148 150
148 150
148 150
148 151
148 151
148 154
148 162
149 67
149 68
149 69
149 70
149 76
149 77
149 78
149 79
149 104
149 105
149 116
149 117
149 119
149 120
149 122
149 122
149 123
149 123
149 124
149 130
149 131
149 132
149 133
149 134
149 135
149 136
149 136
149 136
149 137
149 139
149 140
149 141
149 143
149 144
149 148
149 149
149 150
149 150
149 151
149 151
149 151
149 152
149 162
149 163
149 164
150 64
150 65
150 66
150 67
150 76
150 103
150 104
150 116
150 119
150 121
150 122
150 122
150 123
150 123
150 127
150 131
150 132
150 133
150 134
150 136
150 138
150 139
150 141
150 144
150 148
150 149
150 149
150 150
150 151
150 151
150 152
150 152
150 152
150 153
150 164
150 165
150 166
150 184
150 185
151 61
151 62
151 63
151 64
151 102
151 102
151 103
151 103
151 115
151 116
151 119
151 121
151 123
151 123
151 127
151 131
151 133
151 133
151 134
151 139
151 141
151 141
151 141
151 142
151 144
151 145
151 149
151 150
151 150
151 151
151 152
151 152
151 153
151 153
151 153
151 154
151 157
151 166
151 167
151 186
151 187
151 188
152 61
152 91
152 101
152 101
152 102
152 102
152 115
152 118
152 119
152 119
152 120
152 121
152 123
152 123
152 127
152 129
152 131
152 132
152 133
152 133
152 133
152 134
152 135
152 138
152 139
152 139
152 141
152 141
152 142
152 142
152 145
152 146
152 147
152 148
152 150
152 151
152 151
152 152
152 153
152 153
152 154
152 154
152 154
152 155
152 157
152 158
152 159
152 165
152 166
152 167
152 168
152 169
152 172
152 173
152 174
152 188
152 189
152 190
152 191
153 89
153 90
153 91
153 100
153 100
153 101
153 101
153 114
153 115
153 118
153 119
153 123
153 123
153 127
153 129
153 132
153 133
153 133
153 133
153 134
153 134
153 134
153 135
153 139
153 139
153 140
153 141
153 142
153 142
153 146
153 148
153 149
153 151
153 152
153 153
153 154
153 154
153 155
153 155
153 156
153 159
153 160
153 166
153 167
153 168
153 169
153 170
153 174
153 175
153 176
153 191
153 192
153 193
154 88
154 89
154 99
154 99
154 100
154 100
154 118
154 119
154 119
154 122
154 122
154 123
154 127
154 128
154 129
154 131
154 132
154 133
154 134
154 134
154 135
154 136
154 138
154 139
154 139
154 140
154 140
154 141
154 142
154 142
154 143
154 149
154 149
154 150
154 152
154 153
154 154
154 160
154 161
154 168
154 169
154 176
154 177
154 178
154 193
154 194
154 195
154 196
155 86
155 87
155 88
155 98
155 99
155 118
155 118
155 119
155 122
155 122
155 127
155 128
155 129
155 131
155 132
155 133
155 134
155 134
155 134
155 135
155 136
155 139
155 140
155 140
155 141
155 141
155 142
155 142
155 143
155 143
155 144
155 145
155 149
155 150
155 150
155 152
155 153
155 154
155 161
155 162
155 169
155 170
155 171
155 178
155 179
155 180
155 196
155 197
155 198
156 85
156 86
156 97
156 98
156 118
156 118
156 122
156 122
156 128
156 129
156 131
156 132
156 132
156 133
156 134
156 134
156 135
156 136
156 139
156 140
156 141
156 142
156 143
156 144
156 144
156 145
156 146
156 150
156 150
156 151
156 151
156 162
156 163
156 164
156 171
156 172
156 173
156 180
156 181
156 182
157 83
157 84
157 85
157 117
157 118
157 118
157 121
157 122
157 124
157 128
157 129
157 131
157 131
157 132
157 132
157 132
157 133
157 134
157 135
157 136
157 139
157 139
157 140
157 141
157 142
157 143
157 143
157 144
157 146
157 151
157 151
157 152
157 164
157 173
157 174
157 182
157 183
158 82
158 83
158 117
158 121
158 124
158 128
158 129
158 130
158 131
158 131
158 132
158 132
158 132
158 132
158 133
158 134
158 139
158 139
158 140
158 143
158 143
158 144
158 146
158 147
158 151
158 152
158 161
158 162
158 174
159 104
159 105
159 117
159 118
159 121
159 121
159 124
159 128
159 131
159 132
159 132
159 132
159 133
159 139
159 139
159 140
159 140
159 140
159 143
159 144
159 144
159 147
159 152
159 153
159 162
159 163
160 104
160 116
160 117
160 117
160 118
160 121
160 121
160 122
160 123
160 124
160 127
160 128
160 130
160 131
160 132
160 132
160 132
160 133
160 133
160 139
160 140
160 140
160 140
160 141
160 144
160 144
160 145
160 148
160 148
160 149
160 153
160 154
160 163
160 164
161 103
161 104
161 111
161 117
161 121
161 122
161 123
161 127
161 130
161 131
161 132
161 132
161 133
161 133
161 135
161 140
161 140
161 140
161 141
161 145
161 148
161 148
161 149
161 149
161 149
161 150
161 154
161 164
161 165
162 102
162 103
162 110
162 111
162 117
162 120
162 121
162 121
162 122
162 123
162 127
162 130
162 131
162 132
162 133
162 133
162 133
162 134
162 135
162 140
162 140
162 141
162 141
162 141
162 142
162 145
162 146
162 149
162 149
162 150
162 150
162 165
162 166
163 101
163 102
163 110
163 116
163 117
163 120
163 121
163 123
163 126
163 127
163 130
163 130
163 131
163 133
163 133
163 134
163 135
163 140
163 141
163 141
163 141
163 142
163 142
163 146
163 150
163 150
163 151
163 166
163 167
164 101
164 109
164 110
164 116
164 120
164 121
164 123
164 126
164 126
164 130
164 130
164 131
164 133
164 135
164 136
164 141
164 141
164 142
164 142
164 146
164 147
164 150
164 151
164 151
164 151
164 152
164 167
164 168
165 100
165 101
165 109
165 116
165 120
165 121
165 126
165 126
165 126
165 130
165 130
165 131
165 136
165 141
165 141
165 142
165 142
165 143
165 151
165 151
165 152
165 152
165 152
165 166
165 169
165 170
166 99
166 100
166 108
166 109
166 115
166 115
166 116
166 120
166 121
166 126
166 126
166 126
166 130
166 130
166 136
166 141
166 142
166 142
166 143
166 143
166 152
166 152
166 152
166 153
166 167
166 170
167 99
167 108
167 109
167 110
167 115
167 115
167 119
167 120
167 120
167 120
167 121
167 125
167 126
167 126
167 126
167 130
167 130
167 131
167 136
167 142
167 143
167 143
167 144
167 152
167 152
167 153
167 153
167 153
167 154
167 168
167 169
168 107
168 108
168 109
168 115
168 120
168 120
168 125
168 126
168 130
168 136
168 142
168 143
168 144
168 153
168 154
168 154
168 169
168 170
169 108
169 109
169 114
169 120
169 125
169 126
169 130
169 130
169 136
169 137
169 143
169 144
169 154
169 170
169 171
170 108
170 114
170 120
170 125
170 126
170 130
170 130
170 137
170 143
170 144
170 145
170 145
170 154
170 155
170 171
170 172
171 107
171 108
171 114
171 119
171 120
171 125
171 126
171 130
171 130
171 133
171 143
171 144
171 144
171 145
171 145
171 146
171 155
171 156
171 172
171 173
172 107
172 108
172 109
172 113
172 114
172 114
172 119
172 125
172 126
172 130
172 133
172 143
172 144
172 145
172 145
172 146
172 156
172 173
172 174
172 180
173 106
173 107
173 108
173 113
173 113
173 114
173 119
173 124
173 125
173 125
173 126
173 130
173 133
173 143
173 144
173 144
173 145
173 145
173 146
173 146
173 156
173 174
173 175
173 180
173 181
174 106
174 108
174 113
174 113
174 119
174 124
174 125
174 130
174 130
174 131
174 133
174 134
174 143
174 144
174 144
174 145
174 145
174 146
174 146
174 146
174 147
174 148
174 153
174 160
174 161
174 168
174 175
174 176
174 181
174 182
175 106
175 107
175 108
175 112
175 113
175 119
175 124
175 130
175 131
175 133
175 134
175 143
175 144
175 145
175 145
175 146
175 146
175 147
175 147
175 148
175 153
175 154
175 161
175 162
175 168
175 169
175 176
175 183
175 184
176 105
176 106
176 107
176 112
176 113
176 118
176 119
176 124
176 130
176 131
176 133
176 134
176 134
176 143
176 144
176 145
176 145
176 146
176 147
176 147
176 148
176 148
176 149
176 154
176 162
176 169
176 170
176 184
176 185
177 106
177 107
177 112
177 113
177 118
177 124
177 130
177 131
177 131
177 134
177 134
177 144
177 145
177 146
177 147
177 147
177 148
177 149
177 154
177 155
177 162
177 163
177 170
177 171
177 185
177 186
178 106
178 112
178 112
178 113
178 124
178 130
178 131
178 131
178 132
178 134
178 134
178 144
178 145
178 146
178 147
178 147
178 148
178 148
178 149
178 155
178 163
178 164
178 171
178 172
178 186
178 187
179 105
179 106
179 111
179 112
179 112
179 124
179 130
179 131
179 132
179 134
179 134
179 138
179 144
179 146
179 147
179 148
179 148
179 148
179 149
179 149
179 150
179 155
179 156
179 164
179 172
179 173
179 187
179 188
180 105
180 111
180 112
180 124
180 130
180 131
180 132
180 134
180 134
180 135
180 138
180 139
180 145
180 146
180 148
180 148
180 149
180 149
180 150
180 156
180 165
180 173
180 174
180 188
180 189
181 105
181 111
181 112
181 124
181 131
181 132
181 134
181 135
181 139
181 145
181 146
181 147
181 148
181 149
181 149
181 150
181 151
181 156
181 157
181 165
181 166
181 174
181 190
181 191
182 104
182 105
182 105
182 106
182 111
182 111
182 112
182 117
182 124
182 130
182 131
182 132
182 135
182 139
182 145
182 147
182 148
182 151
182 157
182 166
182 167
182 175
182 191
182 192
183 104
183 105
183 111
183 117
183 124
183 130
183 131
183 132
183 135
183 139
183 145
183 146
183 151
183 152
183 157
183 158
183 167
183 175
183 176
183 192
184 105
184 111
184 117
184 130
184 131
184 131
184 132
184 135
184 139
184 146
184 152
184 158
184 167
184 168
184 176
184 177
185 104
185 105
185 110
185 111
185 117
185 131
185 131
185 132
185 135
185 139
185 140
185 146
185 152
185 158
185 159
185 168
185 177
186 104
186 110
186 116
186 117
186 121
186 131
186 132
186 140
186 152
187 103
187 104
187 110
187 116
187 121
187 131
187 132
187 140
188 103
188 109
188 110
188 116
188 121
188 131
188 132
188 140
189 103
189 109
189 116
189 121
189 131
189 132
189 140
190 102
190 103
190 115
190 116
190 116
190 121
190 131
190 140
190 141
191 102
191 115
191 115
191 116
191 121
191 126
191 131
191 141
192 101
192 102
192 115
192 115
192 121
192 126
192 131
192 141
193 101
193 115
193 115
193 121
193 126
193 131
194 100
194 101
194 115
194 115
194 120
194 121
194 125
194 126
194 131
195 100
195 114
195 115
195 120
195 125
195 131
196 114
196 120
196 125
196 143
197 114
197 120
197 125
197 143
198 114
198 120
198 125
198 143
199 113
199 114
199 120
199 125
199 143
199 144
200 113
200 120
200 125
200 144
201 113
201 125
201 144
202 113
202 125
202 144
203 113
203 125
203 144
203 145
204 101
204 112
204 113
204 125
204 145
205 101
205 112
205 125
205 145
206 100
206 101
206 125
206 145
207 100
207 125
207 145
208 100
208 145
208 146
209 99
209 146
210 99
210 146
211 98
211 99
211 146
212 98
212 146
212 147
213 98
213 147
214 97
214 98
215 97
216 97
217 96
217 97
218 96
219 96
220 95
220 96
221 95
222 95
223 96
